  19  20  21  22  23  24  25  26  27  28  29  30  31  32  33  34  35  40  39  38  39  40  41  42  43  44  45  46  47  48  49  50  51  52  53  54  55  56  57  58   0   0  61  62  63  64  65  66  67   0   0   0   0   0   0  74  75 104 103 102 101 100 101 102 103 104 105 106 107 108 109 110 111 112 113 114 115 116 117 118 119 120 121 122 123 124 125 126 127 128 129 130 131 132 133 134 135 136 137 138 139 140 141 142 143 144 145 146 147 148 149 150 151
  18  19  20  21  22  23  24  25  26  27  28  29  30  31  32  33  34  35  38  37  38  39  40  41  42  43  44  45  46  47  48  49  50  51  52  53  54  55  56  57  58   0  60  61  62  63  64  65  66  67  68  69  70   0   0  73  74 103 102 101 100  99 100 101 102 103 104 105 106 107 108 109 110 111 114 113 114 115 116 117 118 119 120 121 122 123 124 125 126 127 128 129 130 131 132 133 134 135 136 137 138 139 140 141 142 143 144 145 146 147 148 149 150
  17  18  19  20  21  22  23  24  25  26  27  28  29  30  31  32  33  34  35  36  37  38  39  40  41  42  43  44  45  46  47  48  49  50  51  52  53  56  55  56  57  58  59  60  61  62  63  64  65  66  67  68  69  70  71  72 103 102 101 100  99  98  99 100 101 102 103 104 105 106 107 108 109 110 113 112 113 114 115 116 117 118 119 120 121 122 123 124 125 126 127 130 131 132 133 134 135 136 137 138 139 140 141 142 143 144 145 146 147 148 149 150 151
  16  17  18  19  20  23  22  23  24  25  26  27  28  29  30  31  32  33  34  35  36  37  38  39  40  41  42  43  44  45  46  47  48  49  50  51  52  53  54  55  56  57  58  59  60  61  62  63  64  65  66  67  68  69  70  71  72  73  74  99  98  97  98  99 100 101 102 103 104 105 106 107 108 109 112 111 112 113 114 115 116 117 118 119 120 121 122 123 124 125 126 131 132 133 134 135 136 137 138 139 140 141 142 143 144 145 146 147 148 149 150 151 152
  15  16  17  18  19  20  21  22  23  24  25  26  27  28  29  30  31  32  33  34  35  36  37  38  39  40  41  42  43  44  45  46  47  48  49  50  51  52  53  54  55  56  57  58   0  62  63  64  65 108  67 108  69  70  71  72  73  74  99  98  97  96  97  98  99 100 101 102 103 104 105 106 107 108 109 110 111 112 113 114 115 116 117 118 119 120 121 122 123 124 125 126 133 134 129 130 131 138 139 140 141 142 143 144 145 146 147 148 149 152 153 152 153
  14  15  16  17  18  19  20  21  22  23  24  25  26  27  28  29  30  31  32  33  36  37  36  37  38  39  40  41  42  43  44  45  46  47  48  49  50  51  52  53  54  55  56   0  64  63  64  65 108 107 106 107  70  71  72  73  74  99  98  97  96  95  96  97  98  99 100 101 102 103 104 105 106 107 108 109 110 111 112 113 114 115 116 117 118 119 120 121 122 123 124 125 126 127 128 129 130 131 140 141 142 143 144 145 146 147 148 149 150 151 152 153 154
  13  14  15  16  17  18  19  20  21  22  23  24  25  26  27  28  29  30  31  32  33  34  35  36  37  38  39  40  41  42  43  44  45  48  47  48  49  50  51  52  53  54   0   0   0  64  65  66 107 106 105  72  71  72 101  74  75  98  97  96  95  94  95  96  97  98  99 100 101 102 103 104 105 106 107 108 109 110 111 112 113 114 115 116 117 184 185 186 187 124 125 126 127 128 129 130 131 142 141 142 143 144 145 146 147 148 149 150 151 152 153 154 155
  12  13  14  15  16  17  18  19  20  21  22  23  24  25  26  27  28  29  30  31  32  33  34  35  36  37  38  39  40  41  42  43  44  45  46  47  48  49  50  51  52  53   0   0   0  65  66  67 106 105 104 103 102 101 100  75  76  97  96  95  94  93  94  95  96  97  98  99 100 101 104 105 106 107 108 109 108 109 110 111 112 113 114 115 182 183 184 185 186 187 188 189 128 129 130 131 144 143 142 143 144 145 146 147 148 149 150 151 152 153 154 155 156
  11  12  13  14  15  16  17  18  19  20  21  22  23  24  25  26  27  28  29  30  31  34  33  34  35  36  37  38  39  40  41  42  43  44  45  46  47  48  49  50  51  52   0   0   0  66  67  68 105 104 103 102 101 100  99  98  97  96  95  94  93  92  93  94  95  96  97  98  99 100 101 106 103 104 105 108 107 108 109 110 111 112 113 180 181 182 183 184 185 186 187 188 189 190 131 146 145 144 143 144 145 146 147 148 149 150 151 152 153 154 155 156 157
  10  11  12  13  14  15  16  17  18  21  20  21  22  23  24  25  26  27  28  29  30  31  32  33  34  35  36  37  38  39  40  41  42  43  44  45  46  47  48  49  50  51   0  53  54 107 106 105 104 103 102 101 100  99  98  97  96  95  94  93  92  91  92  93  94  95  96  97  98  99 100 101 102 103 104 107 106 107 108 109 110 111 178 179 180 181 274 275 276 277 188 189 190 191 192 193 194 195 196 197 198 199 148 149 150 151 152 153 154 155 156 157 158
   9  10  11  12  13  14  15  16  17  18  19  20  21  22  23  24  25  26  27  28  29  30  31  32  33  34  35  36  37  38  39  40  41  42  43  44  45  46  47  48  49  50  51  52  53 106 105 104 103 102 101 100  99  98  97  96  95  94  93  92  91  90  91  92  93  94  95  96  97  98  99 100 101 102 103 106 105 106 107 108 109 110 177 178 179 272 273 274 275 276 277 278 191 192 193 194 195 196 197 198 199 200 201 150 151 152 153 154 155 156 157 158 159
   8   9  10  11  12  13  14  15  16  17  18  21  20  21  22  23  24  25  26  27  28  29  30  31  32  33  34  35  36  37  38  39  40  41  42  43  44  45  46  47  48  49  50  51  52  53 104 103 102 101 100  99  98  97  96  95  94  93  92  91  90  89  90  91  92  93  94  95  96  97  98  99 100 101 106 105 104 105 106 107 108 175 176 177 270 271 272 273 274 275 276 277 278 193 194 283 284 285 286 199 200 201 202 203 152 153 154 155 158 157 158 159 160
   7   8   9  10  11  12  13  14  15  16  17  18  19  20  21  22  23  24  25  26  27  28  29  30  31  32  33  34  35  36  37  38  39  40  41  42  43  44  45  46  47  48  49  50  51  52  53 102 101 100  99  98  97  96  95  94  93  92  91  90  89  88  89  90  91  92  93  94  95  96  97  98  99 100 101 104 103 104 105 106 107 174 175 176 269 270 271 340 341 342 343 278 279 280 281 282 283 284 285 286 287 202 203 204 153 154 155 156 159 158 159 160 161
   6   7   8   9  10  11  12  13  14  15  16  17  18  19  20  21  22  23  24  25  26  27  28  31  32  33  34  35  36  37  38  39  40  41  42  43  44  45  46  47  48  49  50  51  52  53  54 103 102 101  62  63  96  95  94  93  92  91  90  89  88  87  88  89  90  91  92  93  94  95  96  97  98  99 100 101 102 103 104 105 106 173 174 175 268 269 338 339 340 341 342 343 280 281 282 283 284 285 286 287 288 203 204 205 154 155 156 157 160 159 160 161 162
   5   6   7   8   9  10  11  12  13  14  15  16  17  18  19  20  21  22  23  24  25  26  27  28  29  34  33  34  35  38  39  40  41  42  43  44  45  46  47  48  49  50  51  52  53  60  55  56 103 102  61  62  97  96  95  70  71  90  89  88  87  86  87  88  89  90  91  92  93  94  95  96  97  98  99 100 101 102 103 104 171 172 173 266 267 268 337 338 339 340 341 342 343 344 345 346 347 348 349 288 289 290 205 206 167 166 157 158 161 160 161 162 163
   4   5   6   7   8   9  10  11  12  13  14  15  16  17  18  19  20  21  24  25  26  27  28  29  30  31  32  33  34  39  40  41  42  43  44  45  46  47  48  49  50  51  52  53  54  59  56  57  58  59  60  61  98  97  96  69  70  71  72  73  74  85  86  87  88  89  90  91  92  93  94  95  96  97  98  99 100 101 102 103 170 171 172 265 266 267 336 337 338 383 382 383 344 345 346 347 348 349 350 289 290 291 206 207 166 165 164 163 162 161 162 163 164
   3   4   5   6   7   8   9  10  11  12  13  14  15  16  17  18  19  20  21  24  25  26  27  28  29  30  31  32  33  40  41  42  37  44  45  46  47  48  49  50  51  52  53  54  55  58  59  58  59  60  61  62  63  64  97  68  69  70  71  72  73  84  85  86  87  88  89  90  91  92  93  94  95  96  97  98 101 102 103 168 169 170 171 264 265 266 335 336 381 382 381 382 345 346 385 386 387 350 351 290 291 292 207 208 167 166 165 164 163 162 163 164 165
   2   3   4   5   6   7   8   9  10  11  12  13  14  15  16  17  18  19  20  23  24  25  26  27  28  29  30  31  32  33  42  35  36  37  46  47  48  49  50  51  52  53  54  55  56  57  58  59  60  61  62  63  64  65  66  67  68  69  70  71  84  83  84  85  86  87  88  89  90  91  92  93  94  95  96  97  98 103 166 167 168 169 262 263 264 265 334 335 380 381 380 381 382 383 384 385 386 351 352 291 292 209 208 209 166 165 164 165 164 163 164 165 166
   1   2   3   4   5   6   7   8   9  10  11  12  13  14  15  16  17  18  19  22  23  24  25  26  27  28  29  30  31  32  33  34  35  36  47  48  49  50  51  52  53  54  55  56  57  58  59  60  61  62  63  64  71  66  67  68  69  70  71  72  83  82  83  84  85  86  87  88  89  90  91  92  93  94  95  96  97 166 165 166 167 260 261 262 331 332 333 334 379 380 379 380 381 382 383 384 385 352 353 292 293 210 209 210 165 164 163 164 165 164 165 166 167
   2   1   2   3   4   7   8   9  10  11  12  13  14  15  16  17  18  19  20  21  22  23  24  25  26  27  28  29  30  31  32  33  34  35  48  49  50  51  52  53  54  55  56  57  58  59  60  61  62  63  64  65  70  71  72  69  70  71  72  73  74  81  82  83  84  85  88  87  88  91  92  93  94  95  96  97  98 165 164 165 260 259 260 331 330 331 332 377 378 379 378 379 380 381 382 383 354 353 294 293 294 211 210 211 164 163 162 163 164 165 166 167 168
   1   2   3   4   5   8   9  10  11  12  13  14  15  16  17  18  19  20  21  22  23  24  25  26  27  28   0  30  31  32  33  34  35  36  37  50  51  52  53  54  55  56  57  58  59  60  61  62  63  64  65  66  69  70  71  70  71  76  77  74  75  80  81  82  83  84  85  86  87  92  93  94  95  96  97  98 165 164 163 260 259 258 331 330 329 378 377 376 379 378 377 378 379 380 381 356 355 354 295 294 295 212 211 212 163 162 161 162 163 164 165 166 167
   2   1   2   3   4   9  10  11  12  13  14  15  16  17  18  19  20  21  22  23  24  25  26  27  28  29  30  31  32  33  34  35  36  37  38  39  52  43  44  55  56  57  58  59  60  61  62  63  64  65  66  67  68  69  70  71  72  75  76  77  78  79  80  81  82  83  84  85  86  87  94  95  96  97  98  99 164 163 162 259 258 257 330 329 328 377 376 375 374 375 376 377 378 379 380 381 356 355 356 295 296 297 212 213 214 161 160 161 162 163 164 165 166
   1   2   3   4   5  10  11  12  13  14  15  16  17  18  19  20  21  22  23  24  25  26  27  28  29  30  31  32  33  34  35  36  37  38  39  40  41  42  43  44  45  58  59  60  61  62  63  64  65  66  67  68  69  70  71  72  73  74  75  76  77  78  79  80  81  82  83  84  85  86  93  94  95  96  97  98 163 162 161 258 257 256 329 328 327 376 375 374 373 376 377 378 379 380 381 382 383 356 357 358 297 298 213 214 215 160 159 160 161 162 163 164 165
   2   3   4   5   6   7   8  13  14  15  16  17  18  19  20  21  22  23  24  25  26  27  28  29  30  31  32  33  36  35  36  37  44  45  40  41  42  43  44  45  46  59  60  61  62  63  64  65  66  67  68  69  70  71  72  73  74  75  76  77  78  79  80  81  82  83  84  85  90  91  92  93  94  95  96  97 162 161 160 257 256 255 328 327 326 375 374 373 372 371 380 379 380 381 382 383 384 357 358 359 298 299 300 215 216 159 158 159 160 161 162 163 164
   3   4   5   6   7   8   9  14  15  16  17  18  19  20  21  22  23  24  25  26  27  28  29  30  31  32  33  34  35  36  37  38  43  44  45  46  43  44  45  46  61  60  61  62  63  64  65  66  67  68  69  70  71  72  73  74  75  76  77  78  79  80  81  82  83  84  85  86  89  90  91  92  93  94  95  96 161 160 159 256 255 254 253 326 325 324 323 322 371 370 381 380 363 362 361 360 359 358 359 360 299 300 301 216 217 218 157 158 159 160 161 162 163
   4   5   6   7   8   9  10  15  16  17  18  19  20  21  22  23  24  25  26  27  28  29  30  31  32  33  34  35  36  37  38  39  42  43  44  45  44  45  46  47  62  61  62  63  64  65  66  67  68  69  70  71  72  73  74  75  76  77  78  79  80  81  82  83  84  85  86  87  88  89  90  91  92  93  94  95 160 159 158 157 254 253 252 251 250 323 322 321 320 369 368 381 364 363 362 361 360 359 360 301 300 301 302 217 218 219 156 157 158 159 160 161 162
   5   6   7   8  19  18  17  16  17  18  19  20  21  22  23  24  25  26  27  28  29  30  31  32  33  34  35  36  37  38  39  40  41  42  43  44  45  68  67  48  63  62  63  64  65  66  67  68  69  70  71  72  73  74  75  76  77  78  79  80  81  82  83  84  85  86  87  88  89  90  91  92  93  94  95  96  97 158 157 156 155 252 251 250 249 248 321 320 319 368 367 366 365 364 307 306 305 304 303 302 301 302 219 218 219 220 155 156 157 158 159 160 161
   6   7   8   9  20  19  18  17  18  19  20  21  22  23  24  25  26  27  28  29  30  31  32  33  34  35  36  37  38  39  40  41  42  43  44  45  46  67  66  65  64  63  64  65  66  67  68  69  70  71  72  73  74  75  76  77  78  79  80  81  82  83  84  85  86  87  88  89  90  91  92  93  94  95  96  97  98  99 156 155 154 153 152 249 248 247 246 319 318 369 368 367 366 309 308 307 306 305 304 303 302 303 220 219 220 153 154 155 156 157 158 159 160
   7   8   9   0  13  14  15  18  19  20  21  22  23  24  25  26  27  28  29  30  31  32  33  34  35  36  37  38  39  40  41  42  43  44  45  46  47  68  67  66  65  64  65  66  67  68  69  70  71  72  73  74  75  76  77  78  79  80  81  82  83  84  85  86  87  88  89  90  91  92  93  94  95  96  97  98  99 100 101 154 153 152 151 150 247 246 245 318 317 316 369 368 367 310 309 308 227 226 225 224 223 222 221 220 221 152 153 154 155 156 157 158 159
   8   9  10  11  12  13  14  19  20  21  22  23  24  25  26  27  28  29  30  31  32  33  34  35  36  37  38  39  40  41  42  43  44  45  46  47  70  69  68  67  66  65  66  67  68  69  70  71  72  73  74  75  76  77  78  79  80  81  82  83  84  85  86  87  88  89  90  91  92  93  94  95  96  97  98  99 100 101 102 105 106 151 150 149 148 245 244 243 316 315 314 313 312 311 230 229 228 227 226 225 224 223 222 149 150 151 152 153 156 155 156 157 158
   9  10  11  12  13  14  21  20  21  22  23  24  25  26  27  28  29  30  31  32  33  34  35  38  39  38  39  40  41  42  43  44  45  46  47  48  49  70  69  68  67  66  67  68  69  70  71  72  73  74  75  76  77  78  79  80  81  82  83  84  85  90  91  88  89  90  91  92  93  94  97  96  97  98  99 100 101 102 103 104 105 106 149 148 147 244 243 242 317 316 315 314 313 232 231 230 229 228 227 226 225 146 147 148 149 150 151 152 155 154 155 156 157
  10  11  12  13  14  23  22  21  22  23  24  25  26  27  28  29  30  31  32  33  34  35  36  37  38  39  40  41  42  43  44  45  46  47  48  49  50  51  70  69  68  67  68  69  70  71  72  73  74  75  76  77  78  79  80  81  82  83  84  85  86  89  90  89  90  91  92  93  94  95  98  97  98  99 100 101 102 103 104 105 106 107 108 147 146 145 242 241 240 317 316 315 234 233 232 231 230 141 142 143 144 145 146 147 148 149 150 151 152 153 154 155 156
  11  12  13  14  15  24  23  22  23  24  25  26  27  28  29  30  31  32  33  34  35  36  37  38  39  40  41  42  43  44  45  46  47  48  49  50  51  52  71  70  69  68  69  70  71  72  73  74  75  76  77  78  79  80  81  82  83  84  85  86  87  88  89  90  91  92  93  94  95  96  97  98  99 100 101 102 103 104 105 106 107 108 109 146 145 144 241 240 239 238 237 236 235 234 233 138 139 140 141 142 143 144 145 146 147 148 149 150 151 152 153 154 155
  12  13  14  15  16  17  22  23  24  25  26  27  28  29  30  31  32  33  34  35  36  37  38  39  40  41  42  43  44  45  46  47  48  49  50  75  74  73  72  71  70  69  70  71  72  73  74  75  76  77  78  79  80  81  82  83  84  85  86  87  88  89  90  91  92  93  94 105  96  97  98  99 100 101 102 103 104 105 106 107 108 109 110 111 144 143 142 241 240 239 238 237 236 235 136 137 138 139 140 141 142 143 144 145 146 147 148 149 150 151 152 153 154
  13  14  15  16  17  18  21  22  23  24  25  26  27  28  29  30  31  32  33  34  37  38  39  40  41  42  43  44  45  46  47  48  49  50  51  76  75  74  73  72  71  70  71  72  73  74  75  76  77  78  79  80  81  82  83  84  85  86  87  88  89  90  91  92  93  94  95 104 103 102 101 100 101 102 103 104 105 106 107 108 109 110 111 112 143 142 141 140 139 240 239 238 237 134 135 136 137 138 139 140 141 142 143 144 145 146 147 148 149 150 151 152 153
  14  15  16  17  18  19  20  21  22  23  24  25  26  27  28  29  30  31  32  33  34  35  40  41  42  43  44  45  46  47  48  49  50  51  78  77  76  75  74  73  72  71  72  73  74  75  76  77  78  79  80  81  82  83  84  85  86  87  88  89  90  91  92  93  94  95 106 105 104 103 102 101 102 103 104 105 106 107 108 109 110 111 112 113 114 141 140 139 138 137 136 135 134 133 134 135 136 137 138 139 140 141 142 143 144 145 146 147 148 149 150 151 152
  15  16  17  18  19  20  21  22  23  24  25  26  27  28  29  30  31  32  33  34  35  36  41  42  43  44  45  46  47  48  49  50  51  52  79  78  77  76  75  74   0   0  73  74  75  76  77  78  79  80  83  82  83  84  85  86  87  88  89  90  91  92  93  94  95  96 107 106 105 104 103 102 103 104 105 106 107 108 109 110 111 112 113 114 115 116 139 138 137 136 135 134 133 132 133 134 135 136 137 138 139 140 141 142 143 144 145 146 147 148 149 150 151
  16  17  18  19  20  21  22  23  24  25  26  27  28  29  30  31  32  33  34  35  36  43  42  43  44  45  46  47  48  49  50  51  52  53  80  79  78  77  76  75  76  75  74  75  76  77  78  79  80  81  84  83  84  85  86  87  88  89  90  91  92  93  94  95  96  97  98 107 106 105 104 103 104 105 106 107 108 109 110 111 112 113 114 115 116 117 118 119 138 137 136 135 134 131 132 133 134 135 136 137 138 139 140 141 142 143 144 145 146 147 148 149 150
  17  18  19  20  21  22  23  24  25  26  27  28  29  30  31  32  33  34  35  36  37  38  43  44  45  46  47  48  49  50  51  52  53  54  55   0   0  78  77  76  77  76   0  76  77  78  79  80  81  86  85  84  85  86  87  88  89  90  91  92  93  94  95  96  97  98  99 108 107 106 105 104 105 106 107 108 109 110 111 112 113 114 115 116 117 118 119 120 121 122 123 128 129 130 131 132 133 134 135 136 137 138 139 140 141 142 143 144 145 146 147 148 149
  18  19  20  21  22  23  24  25   0  27  28  29  30  31  32  33  34  35  36  37  38  39  42  43  44  45  46  47  48  49  50  51  52  53  54   0  80  79  78  77  78  77  78  77  78  79  80  81  82  83  84  85  86  87  88  89  90  91  92  93  94  95  96  97  98 111 110 109 108 107 106 105 106 107 108 109 110 111 112 113 114 115 116 117 118 119 120 121 122 125 126 127 128 129 130 131 132 133 134 135 136 137 138 139 140 141 142 143 144 145 146 147 148
  19  20  21  22  23  24  25  26  27  28  29  30  31  32  33  34  35  36  37  38  39  40  41  42  43  44  45  46  47  48  49  50   0   0   0   0  81  80   0  78  79  78  79  78  79  80  81  82  83  84  85  86  87  88  89  90  91  92  93  94  95  96  97  98  99 100 111 110 109 108 107 106 107 108 109 110 111 112 113 114 115 116 117 118 119 120 121 122 123 124 125 126 127 128 129 130 131 132 133 134 135 136 137 138 139 140 141 142 143 144 145 146 147
